1689497636630 36.9 0
1689497646649 4.2 0
1689497656657 8.5 0
1689497666667 0.9 0
1689497676677 1.0 0
1689497686691 0.8 0
1689497696707 0.8 0
1689497706712 1.7 0
1689497716728 0.6 0
1689497726744 0.5 0
1689497736760 0.7 0
1689497746774 0.6 0
1689497756792 0.6 0
1689497766811 0.6 0
1689497776830 0.5 0
1689497786836 0.5 0
1689497796850 0.7 0
1689497806856 2.7 0
1689497816866 1.1 0
1689497826880 1.0 0
1689497836896 0.7 0
1689497846906 0.5 0
1689497856915 0.8 0
1689497866930 2.6 0
1689497876946 11.7 0
1689497886955 4.2 0
1689497896969 2.6 0
1689497906985 4.9 0
1689497916998 2.8 0
1689497927006 7.8 0
1689497937024 7.9 0
1689497947036 6.7 0
1689497957045 2.3 0
