1689497636636 0.00241851806640625 0
1689497646651 10.161748170852661 0
1689497656659 20.169423818588257 0
1689497666669 30.179447889328003 0
1689497676679 40.18915128707886 0
1689497686695 50.20310020446777 0
1689497696709 60.21950626373291 0
1689497706717 70.22434663772583 0
1689497716733 80.24034452438354 0
1689497726747 90.25704407691956 0
1689497736762 100.27221846580505 0
1689497746779 110.2863085269928 0
1689497756797 120.30471563339233 0
1689497766816 130.32345247268677 0
1689497776834 140.3424916267395 0
1689497786838 150.3488485813141 0
1689497796853 160.36236906051636 0
1689497806858 170.36862540245056 0
1689497816869 180.37865328788757 0
1689497826885 190.39236450195312 0
1689497836898 200.40824604034424 0
1689497846907 210.4184193611145 0
1689497856917 220.4278919696808 0
1689497866934 230.4419424533844 0
1689497876951 240.4588131904602 0
1689497886957 250.4677882194519 0
1689497896974 260.48183965682983 0
1689497906987 270.497567653656 0
1689497916999 280.51037406921387 0
1689497927011 290.51815462112427 0
1689497937026 300.53665590286255 0
1689497947041 310.5483400821686 0
1689497957047 320.5577688217163 0
