1689497636632 50.1 0
1689497646650 49.6 0
1689497656658 49.1 0
1689497666668 49.1 0
1689497676678 49.2 0
1689497686693 49.2 0
1689497696708 49.2 0
1689497706714 49.2 0
1689497716731 49.2 0
1689497726746 49.2 0
1689497736761 49.3 0
1689497746777 49.2 0
1689497756795 49.2 0
1689497766814 49.3 0
1689497776833 49.3 0
1689497786837 49.3 0
1689497796852 49.3 0
1689497806857 49.3 0
1689497816868 49.4 0
1689497826882 49.3 0
1689497836897 49.3 0
1689497846907 49.3 0
1689497856916 49.3 0
1689497866932 49.3 0
1689497876949 49.6 0
1689497886956 49.9 0
1689497896972 49.6 0
1689497906986 49.7 0
1689497916999 49.9 0
1689497927009 50.1 0
1689497937025 50.3 0
1689497947038 50.4 0
1689497957046 50.5 0
